image_width: 1280
image_height: 1024
camera_name: mv_camera
camera_matrix:
  rows: 3
  cols: 3
  data: [1601.421  ,    0.     ,  665.49235,
            0.     , 1595.70537,  490.03599,
            0.     ,    0.     ,    1.     ]
distortion_model: plumb_bob
distortion_coefficients:
  rows: 1
  cols: 5
  data: [-0.061435, 0.175739, -0.000767, 0.001753, 0.000000]
rectification_matrix:
  rows: 3
  cols: 3
  data: [1., 0., 0.,
         0., 1., 0.,
         0., 0., 1.]
projection_matrix:
  rows: 3
  cols: 4
  data: [1595.22271,    0.     ,  666.85491,    0.     ,
            0.     , 1590.84633,  489.59928,    0.     ,
            0.     ,    0.     ,    1.     ,    0.     ]
