image_width: 1280
image_height: 720
camera_name: camera1
camera_matrix:
  rows: 3
  cols: 3
  data: [661.31951,   0.     , 661.6395 ,
           0.     , 662.05605, 368.61694,
           0.     ,   0.     ,   1.     ]
distortion_model: plumb_bob
distortion_coefficients:
  rows: 1
  cols: 5
  data: [0.004463, -0.008857, -0.000346, -0.001388, 0.000000]
rectification_matrix:
  rows: 3
  cols: 3
  data: [1., 0., 0.,
         0., 1., 0.,
         0., 0., 1.]
projection_matrix:
  rows: 3
  cols: 4
  data: [658.50537,   0.     , 658.9821 ,   0.     ,
           0.     , 661.95245, 367.89184,   0.     ,
           0.     ,   0.     ,   1.     ,   0.     ]
